Canary rockfish: Biological Maturity length-maturity. Lengths: seq(12,80,2)
0.000149983433559834 0.000282914011321069 0.000533598314949094 0.00100618527578101 0.00189652963053039 0.00357189712926205 0.00671730015441506 0.0125975185318917 0.023503386447212 0.0434353127081359 0.0789045677583092 0.139125370487518 0.233648643321247 0.365152167294562 0.520408641115827 0.671820629529677 0.794322833497175 0.879312235776219 0.932180988040243 0.962867940671619 0.979967955546613 0.989280758526851 0.994289313024799 0.996964805664601 0.998388844392729 0.999145331844416 0.999546786249438 0.999759714991668 0.999872618367762 0.999932475107848 0.999964206120456 0.999981026512341 0.999989942683136 0.999994668919046 0.999997174160723

Canary rockfish: Functional Maturity length-maturity. Lengths: seq(12,80,2)
1.13532678188208e-11 4.87219269394141e-11 2.090874805633e-10 8.9728746893766e-10 3.85066001044029e-09 1.65248962959687e-08 7.09156834050553e-08 3.04330699716026e-07 1.30601721914541e-06 5.60467726291231e-06 2.405172176992e-05 0.000103208475992024 0.000442763112357941 0.00189732860833501 0.00809174919691036 0.0338244337123673 0.130614253625962 0.391999529739495 0.734526011090474 0.922322700260572 0.980752815366484 0.995447787143356 0.998935518893379 0.999751750088854 0.999942141359234 0.999986517080976 0.999996858154362 0.999999267879922 0.999999829400015 0.999999960246491 0.999999990736568 0.999999997841419 0.999999999497004 0.999999999882791 0.999999999972688

Canary rockfish: Macroscopic Maturity length-maturity. Lengths: seq(12,80,2)
0.00249435958540302 0.00389619061220567 0.00608104839459567 0.00947944419272052 0.0147488522281251 0.0228797452295815 0.0353323698251157 0.0541866609231766 0.0822443226803067 0.122941697694181 0.179831484391863 0.25538102595802 0.349157997941235 0.456269826732195 0.567585028443883 0.67247013856247 0.762557439686188 0.833983399476819 0.887104415101437 0.924761510263609 0.950557889471977 0.967817483522805 0.979183921493293 0.986591502338001 0.991386220801467 0.994476005059916 0.996461431853222 0.997734884596163 0.99855071629069 0.99907298106788 0.999407153923486 0.999620909470805 0.999757612383028 0.999845026833569 0.999900919340161

Sablefish: Biological Maturity length-maturity. Lengths: seq(12,80,2)
1.61338807467097e-08 3.46480335476189e-08 7.44077771528532e-08 1.59793110353942e-07 3.43160844091153e-07 7.36948795086016e-07 1.58262019258565e-06 3.39872221794615e-06 7.29883815183008e-06 1.56743612829834e-05 3.36605957320031e-05 7.22844331493154e-05 0.00015522029829044 0.0003332812800513 0.000715458771845719 0.00153521057971694 0.00329111672928682 0.00704118812914706 0.0149999810177642 0.0316678499605531 0.065623006081257 0.131058260600841 0.244657025630771 0.410234743408477 0.59900584114749 0.762356750360296 0.873245386469922 0.936688458479358 0.969486656490648 0.985555933397439 0.993221795151372 0.996832250927496 0.998522434431876 0.999311426932317 0.999679247464272

Sablefish: Functional Maturity length-maturity. Lengths: seq(12,80,2)
2.82733596336462e-07 5.31278737448877e-07 9.98314451667775e-07 1.87591044959973e-06 3.52497882224008e-06 6.62369447710482e-06 1.24463752060645e-05 2.33874710526922e-05 4.39460109830191e-05 8.25748528174119e-05 0.000155153440257983 0.000291505870425364 0.000547622336861241 0.00102853070020519 0.00193094494189064 0.00362225021191913 0.00678489090629678 0.0126737564797707 0.0235525894026339 0.0433594451973309 0.0784843006563764 0.137959839144393 0.231198301782353 0.361057944842399 0.514997162742245 0.66614233472392 0.789442890758591 0.875702935720413 0.929768225704224 0.961354632836068 0.979055216559239 0.988743401881878 0.993977800725311 0.996786078423564 0.998287054186399

Sablefish: Macroscopic Maturity length-maturity. Lengths: seq(12,80,2)
8.21866077670889e-08 1.78841531398411e-07 3.8916668525737e-07 8.46842846113315e-07 1.84276416040015e-06 4.00992437871627e-06 8.72572458667885e-06 1.89873524073439e-05 4.13163625744687e-05 8.99017912163718e-05 0.000195609434049651 0.00042555653819893 0.00092556587872086 0.00201188071592861 0.00436760387511031 0.00945552333072186 0.0203493337465216 0.0432460634195654 0.0895507884192715 0.176299267683397 0.317753198624737 0.503347787460705 0.688024372493299 0.82755640054194 0.912608972579084 0.957848636313713 0.98017778273433 0.990792058992469 0.995747328912114 0.998041183559268 0.99909887221639 0.999585685080267 0.999809558995815 0.99991247385561 0.999959775470275

Arrowtooth flounder: Biological Maturity length-maturity. Lengths: seq(12,80,2)
0.000132916440001462 0.000273388068637101 0.000562232485835079 0.00115589866608793 0.00237493255711336 0.00487331154700698 0.00997365698472575 0.0203030510841032 0.0408884409511019 0.0806277758686901 0.152835107121838 0.270670457013105 0.432928821783087 0.610972192896623 0.763635007135244 0.869213762721999 0.931842143398497 0.965664912880977 0.983009446824888 0.991667905050425 0.995932234887218 0.998018460299532 0.999035763950173 0.99953103898698 0.999771976536002 0.99988914161254 0.99994610711607 0.999973801189261 0.999987264219954 0.999993808918549 0.999996990419081 0.99999853699833 0.999999288813877 0.999999654282346 0.99999983194178

Arrowtooth flounder: Functional Maturity length-maturity. Lengths: seq(12,80,2)
0.00392807099842603 0.00604145185619991 0.00928127912230376 0.0142336367154467 0.0217704339159607 0.0331637508245868 0.0502135697637508 0.0753457764337042 0.111579073909977 0.162180568955535 0.229794416467757 0.314998631306345 0.414781675759646 0.522082420253039 0.627383215488553 0.721843991472473 0.79999238365807 0.860430074857702 0.904778678756311 0.936082255687506 0.957577436043666 0.972059670957078 0.981692475044774 0.988045084343445 0.992210863508245 0.99493249096208 0.996706302541893 0.997860551012352 0.998610866606547 0.999098280508968 0.999414772679769 0.999620222315128 0.999753564680039 0.99984009718011 0.999896248091629

Arrowtooth flounder: Macroscopic Maturity length-maturity. Lengths: seq(12,80,2)
0.0022886764548807 0.00389034460218498 0.00660547580820916 0.0111942435811306 0.018910107179648 0.0317733950700363 0.052914791214346 0.0868612779291286 0.139380511320754 0.216138304998303 0.319475463817272 0.444219971470754 0.576416047821156 0.698509161649033 0.797757848698841 0.87039661050127 0.919576050220495 0.951141358112779 0.970712289019609 0.982587358731825 0.989698629034394 0.993923637771119 0.996422064148408 0.997895384299449 0.998762774913528 0.999272941969204 0.999572832729313 0.999749058142988 0.999852593491595 0.99991341520066 0.999949142413088 0.999970128059043 0.999982454434367 0.99998969449933 0.999993947016074
